
k =

     8


alpha =

    0.0500


p =

   11.0700


res =

    4.3555


verdict =

Ho true

>> 